image_width: 640
image_height: 480
camera_name: camera
camera_matrix:
  rows: 3
  cols: 3
  data: [1439.198444, 0, 430.133072, 0, 1442.102958, 205.419675, 0, 0, 1]
distortion_model: plumb_bob
distortion_coefficients:
  rows: 1
  cols: 5
  data: [0.004022, -0.364527, 0.002136, 0.016041, 0]
rectification_matrix:
  rows: 3
  cols: 3
  data: [1, 0, 0, 0, 1, 0, 0, 0, 1]
projection_matrix:
  rows: 3
  cols: 4
  data: [1425.033447, 0, 433.418466, 0, 0, 1445.148926, 205.244963, 0, 0, 0, 1, 0]
